1.5927551314234734 Test loss (%)
99.69338178634644 Test accuracy (%)

99.65045122019652 Kappa accuracy (%)
99.69337979094077 Overall accuracy (%)
98.33916973752866 Average accuracy (%)

                              precision    recall  f1-score   support

                     Alfalfa       1.00      1.00      1.00        32
                 Corn-notill       1.00      0.99      0.99      1000
                Corn-mintill       0.99      1.00      0.99       581
                        Corn       1.00      1.00      1.00       166
               Grass-pasture       1.00      1.00      1.00       338
                 Grass-trees       0.99      1.00      1.00       511
         Grass-pasture-mowed       1.00      1.00      1.00        20
               Hay-windrowed       1.00      1.00      1.00       335
                        Oats       1.00      0.79      0.88        14
              Soybean-notill       1.00      1.00      1.00       680
             Soybean-mintill       1.00      1.00      1.00      1719
               Soybean-clean       1.00      0.99      0.99       415
                       Wheat       1.00      1.00      1.00       143
                       Woods       1.00      1.00      1.00       886
Buildings-Grass-Trees-Drives       1.00      1.00      1.00       270
          Stone-Steel-Towers       0.98      0.97      0.98        65

                    accuracy                           1.00      7175
                   macro avg       1.00      0.98      0.99      7175
                weighted avg       1.00      1.00      1.00      7175

[[  32    0    0    0    0    0    0    0    0    0    0    0    0    0
     0    0]
 [   0  993    1    0    0    1    0    0    0    1    1    0    0    3
     0    0]
 [   0    0  581    0    0    0    0    0    0    0    0    0    0    0
     0    0]
 [   0    0    0  166    0    0    0    0    0    0    0    0    0    0
     0    0]
 [   0    0    1    0  337    0    0    0    0    0    0    0    0    0
     0    0]
 [   0    0    0    0    0  511    0    0    0    0    0    0    0    0
     0    0]
 [   0    0    0    0    0    0   20    0    0    0    0    0    0    0
     0    0]
 [   0    0    0    0    0    0    0  335    0    0    0    0    0    0
     0    0]
 [   0    0    3    0    0    0    0    0   11    0    0    0    0    0
     0    0]
 [   0    0    0    0    0    0    0    0    0  680    0    0    0    0
     0    0]
 [   0    2    0    0    0    4    0    0    0    0 1713    0    0    0
     0    0]
 [   0    1    1    0    0    0    0    0    0    0    0  412    0    0
     0    1]
 [   0    0    0    0    0    0    0    0    0    0    0    0  143    0
     0    0]
 [   0    0    0    0    0    0    0    0    0    0    0    0    0  886
     0    0]
 [   0    0    0    0    0    0    0    0    0    0    0    0    0    0
   270    0]
 [   0    0    0    0    0    0    0    0    0    0    0    2    0    0
     0   63]]